1.000000
0.999616
0.999616
0.999904
0.999519
0.999904
0.999808
0.999904
0.999808
1.000000
0.999904
0.999616
0.999808
0.999616
0.999808
0.999904
0.999712
0.999423
0.999712
0.999423
0.999519
0.999423
0.999712
0.999616
0.999616
0.999519
0.999616
0.999712
0.999904
0.999616
0.999423
0.999712
0.999616
0.999712
0.999808
0.999712
0.999712
0.999519
0.999423
0.999616
0.999327
0.999423
0.999519
0.999808
0.999808
0.999712
0.999904
0.999808
0.999808
0.999808
0.999231
0.999327
0.999616
0.999423
0.999423
0.999712
0.999808
0.999712
0.999616
0.999327
0.999423
0.999616
0.999712
0.999616
0.999616
0.999904
0.999904
0.999712
0.999616
0.999616
0.999808
0.999616
0.999423
0.999712
0.999904
0.999519
0.999808
0.999616
0.999519
0.999808
0.999519
0.999712
0.999616
0.999519
0.999712
0.999808
0.999712
0.999808
0.999808
0.999616
0.999808
0.999231
0.999231
0.999519
0.999327
0.999712
0.999712
0.999808
0.999519
0.999712
0.999519
