41616.000000
41584.000000
41584.000000
41608.000000
41578.000000
41608.000000
41600.000000
41608.000000
41600.000000
41616.000000
41608.000000
41584.000000
41600.000000
41584.000000
41600.000000
41608.000000
41592.000000
41568.000000
41592.000000
41568.000000
41576.000000
41568.000000
41592.000000
41584.000000
41584.000000
41576.000000
41584.000000
41592.000000
41608.000000
41584.000000
41568.000000
41592.000000
41584.000000
41592.000000
41600.000000
41592.000000
41592.000000
41576.000000
41568.000000
41584.000000
41560.000000
41568.000000
41576.000000
41600.000000
41600.000000
41592.000000
41608.000000
41600.000000
41600.000000
41600.000000
41552.000000
41560.000000
41584.000000
41568.000000
41568.000000
41592.000000
41600.000000
41592.000000
41584.000000
41560.000000
41568.000000
41584.000000
41592.000000
41584.000000
41584.000000
41608.000000
41608.000000
41592.000000
41584.000000
41584.000000
41600.000000
41584.000000
41568.000000
41592.000000
41608.000000
41576.000000
41600.000000
41584.000000
41576.000000
41600.000000
41576.000000
41592.000000
41584.000000
41576.000000
41592.000000
41600.000000
41592.000000
41600.000000
41600.000000
41584.000000
41600.000000
41552.000000
41552.000000
41576.000000
41560.000000
41592.000000
41592.000000
41600.000000
41576.000000
41592.000000
41576.000000
