0.495300
0.457000
0.423200
0.388800
0.364500
0.344600
0.327500
0.308300
0.294800
0.283300
0.272700
0.263200
0.258600
0.256400
0.251700
0.247300
0.245000
0.241500
0.238900
0.238700
0.236700
0.234400
0.232000
0.229900
0.228200
0.227600
0.230900
0.232200
0.236600
0.231900
0.231500
0.228800
0.229800
0.233900
0.232900
0.233200
0.236500
0.232800
0.233200
0.231400
0.232200
0.228800
0.229700
0.231700
0.230900
0.228500
0.227600
0.228600
0.227900
0.228300
0.225700
0.229800
0.231400
0.230300
0.228900
0.229200
0.227300
0.227100
0.230100
0.228900
0.225000
0.230100
0.233500
0.233900
0.230300
0.227300
0.228200
0.229000
0.231100
0.227900
0.230300
0.233800
0.231400
0.231100
0.230300
0.227300
0.228500
0.227700
0.229700
0.229600
0.233000
0.233500
0.233500
0.232900
0.228500
0.229000
0.229900
0.230600
0.229800
0.225000
0.226000
0.226400
0.228100
0.229800
0.229900
0.231200
0.233400
0.233600
0.233200
0.232500
0.232200
