4922.500000
3918.000000
3083.000000
2332.000000
1797.500000
1332.000000
985.500000
620.500000
351.000000
146.500000
-29.500000
-176.000000
-256.000000
-341.000000
-428.500000
-507.500000
-540.000000
-597.500000
-657.500000
-675.500000
-689.500000
-735.000000
-775.000000
-803.500000
-846.000000
-827.000000
-785.500000
-790.000000
-763.000000
-789.500000
-796.500000
-817.000000
-797.000000
-738.500000
-772.500000
-777.000000
-761.500000
-801.000000
-786.000000
-800.000000
-796.000000
-841.000000
-834.500000
-807.500000
-826.500000
-850.500000
-853.000000
-826.000000
-853.500000
-843.500000
-869.500000
-823.000000
-808.000000
-815.500000
-837.500000
-817.000000
-835.500000
-833.500000
-825.500000
-850.500000
-900.000000
-854.500000
-807.500000
-797.500000
-808.500000
-855.500000
-853.000000
-867.000000
-848.500000
-881.500000
-837.500000
-789.000000
-815.000000
-814.500000
-812.500000
-838.500000
-824.500000
-845.500000
-828.500000
-841.000000
-799.000000
-810.500000
-838.500000
-829.500000
-865.500000
-852.000000
-841.500000
-852.000000
-848.000000
-899.000000
-905.000000
-923.000000
-902.500000
-863.000000
-840.500000
-837.000000
-806.000000
-798.000000
-808.000000
-800.500000
-815.000000
