0.499400
0.457700
0.416700
0.380700
0.349300
0.323300
0.306100
0.288500
0.269700
0.260100
0.249700
0.239200
0.231700
0.229100
0.222900
0.221300
0.218800
0.215900
0.213300
0.210400
0.208000
0.205100
0.206500
0.207700
0.207200
0.205700
0.201200
0.199800
0.199500
0.198200
0.198800
0.197500
0.196500
0.195900
0.196300
0.197400
0.194500
0.195400
0.197300
0.197700
0.197000
0.194600
0.198600
0.198200
0.198400
0.195300
0.193800
0.193900
0.194200
0.197000
0.194600
0.197500
0.196700
0.194800
0.195300
0.194800
0.193000
0.194200
0.201500
0.203100
0.200400
0.201600
0.202800
0.202600
0.204300
0.206200
0.204000
0.202300
0.201900
0.203300
0.202600
0.201000
0.201300
0.197700
0.197500
0.196400
0.197800
0.198400
0.199500
0.199500
0.199400
0.199100
0.200600
0.200500
0.200200
0.198900
0.200500
0.202200
0.202800
0.204000
0.203500
0.200500
0.201500
0.202600
0.202500
0.200400
0.197600
0.199700
0.199800
0.201000
0.199300
