10129.000000
8238.500000
6487.500000
5037.500000
3764.500000
2828.500000
2212.500000
1610.500000
1010.500000
656.500000
374.500000
20.000000
-233.500000
-362.500000
-479.500000
-565.500000
-638.000000
-756.500000
-867.500000
-914.000000
-960.000000
-1022.500000
-1051.500000
-1065.500000
-1092.000000
-1107.500000
-1160.000000
-1171.000000
-1216.500000
-1225.000000
-1194.000000
-1184.500000
-1207.500000
-1212.500000
-1208.500000
-1191.000000
-1237.500000
-1247.000000
-1203.500000
-1197.500000
-1191.000000
-1195.000000
-1175.000000
-1175.000000
-1186.000000
-1201.500000
-1213.000000
-1196.500000
-1217.000000
-1165.000000
-1213.000000
-1186.500000
-1182.500000
-1196.000000
-1193.500000
-1200.000000
-1211.000000
-1185.000000
-1138.500000
-1138.500000
-1158.000000
-1162.000000
-1160.000000
-1161.000000
-1136.500000
-1125.000000
-1138.000000
-1136.500000
-1168.500000
-1165.500000
-1191.000000
-1195.000000
-1229.500000
-1243.500000
-1262.500000
-1228.000000
-1215.000000
-1218.000000
-1230.500000
-1200.500000
-1193.000000
-1192.500000
-1199.000000
-1207.500000
-1193.000000
-1211.500000
-1225.500000
-1203.000000
-1188.000000
-1176.000000
-1168.500000
-1169.500000
-1162.500000
-1153.000000
-1165.500000
-1184.000000
-1206.000000
-1191.500000
-1195.000000
-1213.000000
-1221.500000
