0.501111
0.515556
0.508889
0.488889
0.492222
0.516667
0.472222
0.475556
0.501111
0.494444
0.484444
0.461111
0.486667
0.516667
0.496667
0.508889
0.478889
0.481111
0.491111
0.482222
0.513333
0.466667
0.478889
0.478889
0.512222
0.486667
0.513333
0.478889
0.490000
0.498889
0.472222
0.460000
0.472222
0.477778
0.500000
0.510000
0.477778
0.513333
0.472222
0.495556
0.461111
0.476667
0.507778
0.483333
0.492222
0.498889
0.506667
0.492222
0.505556
0.506667
0.497778
0.525556
0.475556
0.484444
0.447778
0.471111
0.484444
0.483333
0.467778
0.502222
0.513333
0.473333
0.483333
0.485556
0.494444
0.497778
0.521111
0.461111
0.512222
0.493333
0.517778
0.510000
0.506667
0.506667
0.502222
0.492222
0.506667
0.502222
0.506667
0.474444
0.493333
0.507778
0.484444
0.522222
0.502222
0.510000
0.492222
0.475556
0.507778
0.500000
0.487778
0.491111
0.483333
0.495556
0.498889
0.495556
0.480000
0.476667
0.480000
0.521111
0.490000
