880.000000
970.000000
936.000000
860.000000
896.000000
952.000000
828.000000
768.000000
916.000000
888.000000
834.000000
728.000000
890.000000
988.000000
858.000000
922.000000
816.000000
844.000000
856.000000
832.000000
960.000000
808.000000
814.000000
856.000000
960.000000
876.000000
958.000000
824.000000
902.000000
826.000000
756.000000
792.000000
812.000000
816.000000
888.000000
892.000000
812.000000
934.000000
824.000000
868.000000
772.000000
784.000000
924.000000
858.000000
894.000000
868.000000
916.000000
852.000000
918.000000
910.000000
900.000000
996.000000
806.000000
852.000000
766.000000
758.000000
846.000000
838.000000
804.000000
934.000000
940.000000
826.000000
856.000000
816.000000
880.000000
850.000000
976.000000
778.000000
948.000000
880.000000
990.000000
942.000000
938.000000
928.000000
914.000000
862.000000
914.000000
896.000000
954.000000
802.000000
870.000000
934.000000
852.000000
976.000000
934.000000
980.000000
902.000000
822.000000
950.000000
934.000000
846.000000
856.000000
858.000000
896.000000
912.000000
884.000000
824.000000
814.000000
848.000000
962.000000
850.000000
