0.986667
0.497778
0.462222
0.600000
0.617778
0.706667
0.533333
0.564444
0.480000
0.568889
0.604444
0.604444
0.551111
0.666667
0.564444
0.542222
0.577778
0.733333
0.617778
0.573333
0.564444
0.551111
0.604444
0.666667
0.604444
0.551111
0.666667
0.524444
0.564444
0.546667
0.591111
0.591111
0.564444
0.506667
0.644444
0.586667
0.653333
0.515556
0.595556
0.560000
0.622222
0.617778
0.551111
0.475556
0.586667
0.555556
0.537778
0.653333
0.648889
0.560000
0.511111
0.542222
0.684444
0.577778
0.666667
0.680000
0.622222
0.613333
0.688889
0.497778
0.568889
0.600000
0.582222
0.675556
0.537778
0.608889
0.595556
0.644444
0.662222
0.608889
0.515556
0.520000
0.635556
0.608889
0.537778
0.568889
0.582222
0.528889
0.577778
0.631111
0.595556
0.653333
0.551111
0.551111
0.560000
0.600000
0.568889
0.511111
0.551111
0.653333
0.582222
0.626667
0.475556
0.533333
0.728889
0.551111
0.595556
0.515556
0.493333
0.493333
0.524444
