0.514444
0.362222
0.326667
0.342222
0.362222
0.360000
0.328889
0.361111
0.354444
0.348889
0.343333
0.340000
0.338889
0.358889
0.351111
0.367778
0.361111
0.368889
0.325556
0.340000
0.345556
0.365556
0.363333
0.363333
0.345556
0.357778
0.361111
0.351111
0.347778
0.353333
0.356667
0.335556
0.343333
0.341111
0.355556
0.370000
0.331111
0.368889
0.347778
0.334444
0.336667
0.352222
0.356667
0.365556
0.338889
0.356667
0.341111
0.355556
0.340000
0.356667
0.357778
0.348889
0.332222
0.357778
0.345556
0.352222
0.354444
0.367778
0.363333
0.322222
0.347778
0.358889
0.347778
0.342222
0.357778
0.347778
0.358889
0.340000
0.374444
0.343333
0.366667
0.353333
0.342222
0.343333
0.363333
0.347778
0.340000
0.330000
0.327778
0.350000
0.340000
0.352222
0.356667
0.327778
0.362222
0.365556
0.366667
0.354444
0.355556
0.346667
0.342222
0.357778
0.351111
0.371111
0.330000
0.333333
0.362222
0.324444
0.348889
0.336667
0.353333
