482.500000
142.000000
96.000000
118.000000
151.000000
118.000000
89.000000
138.500000
128.500000
122.000000
128.500000
116.000000
117.500000
112.500000
133.000000
146.500000
144.500000
147.000000
69.500000
106.000000
97.500000
155.500000
154.500000
134.500000
123.500000
151.000000
146.500000
103.000000
122.500000
118.000000
145.500000
96.000000
128.500000
109.500000
138.000000
169.500000
68.000000
169.000000
136.500000
106.500000
124.500000
121.500000
128.500000
148.500000
116.500000
140.500000
104.500000
132.000000
102.000000
133.500000
115.000000
118.000000
98.500000
138.000000
121.500000
113.500000
112.500000
152.500000
135.500000
85.000000
133.500000
130.500000
126.500000
106.000000
121.000000
120.500000
130.500000
113.000000
169.500000
108.500000
136.000000
110.000000
119.000000
112.500000
166.500000
120.500000
115.000000
94.500000
98.500000
100.500000
119.000000
125.500000
135.500000
73.500000
117.000000
164.500000
167.000000
135.500000
130.000000
122.000000
118.000000
143.000000
128.000000
156.000000
105.500000
92.000000
133.000000
76.000000
116.000000
88.500000
126.000000
