0.495600
0.451500
0.410700
0.377900
0.347200
0.322600
0.303300
0.286700
0.268900
0.261900
0.251000
0.237700
0.228500
0.225900
0.221200
0.218700
0.215800
0.212800
0.210600
0.206000
0.207400
0.206400
0.205900
0.206200
0.200600
0.200200
0.201300
0.197600
0.198600
0.198000
0.197400
0.199000
0.202300
0.198800
0.200600
0.199100
0.200400
0.201500
0.199400
0.201900
0.201400
0.199000
0.201300
0.199600
0.199500
0.199000
0.200500
0.198700
0.197600
0.198800
0.197300
0.195700
0.199800
0.202300
0.204500
0.204500
0.197400
0.197800
0.197100
0.200500
0.202800
0.205000
0.204300
0.205700
0.200300
0.198200
0.197200
0.197400
0.197000
0.197200
0.199500
0.198900
0.200000
0.198400
0.197300
0.199600
0.200900
0.199500
0.200100
0.202000
0.199000
0.196800
0.199400
0.199900
0.201700
0.201800
0.198700
0.200500
0.199700
0.199100
0.199800
0.198400
0.198600
0.200800
0.201200
0.198800
0.198800
0.197600
0.195000
0.195900
0.197700
