9752.000000
7793.500000
6057.500000
4813.500000
3632.000000
2729.000000
2014.500000
1443.500000
908.500000
645.500000
369.000000
28.500000
-275.500000
-414.500000
-558.000000
-656.500000
-743.000000
-874.000000
-945.000000
-1022.000000
-1011.000000
-1050.000000
-1082.500000
-1061.000000
-1151.000000
-1163.000000
-1143.500000
-1188.000000
-1191.000000
-1198.000000
-1197.000000
-1175.000000
-1180.500000
-1204.000000
-1189.000000
-1208.500000
-1172.000000
-1184.500000
-1211.000000
-1168.500000
-1185.000000
-1209.000000
-1173.500000
-1210.000000
-1202.500000
-1227.000000
-1225.500000
-1232.500000
-1232.000000
-1226.000000
-1233.500000
-1245.500000
-1203.000000
-1188.500000
-1179.500000
-1191.500000
-1223.000000
-1201.000000
-1210.500000
-1183.500000
-1180.000000
-1153.000000
-1176.500000
-1177.500000
-1228.500000
-1245.000000
-1260.000000
-1237.000000
-1261.000000
-1234.000000
-1212.500000
-1241.500000
-1222.000000
-1248.000000
-1265.500000
-1242.000000
-1217.500000
-1248.500000
-1255.500000
-1234.000000
-1257.000000
-1266.000000
-1235.000000
-1196.500000
-1155.500000
-1155.000000
-1170.500000
-1135.500000
-1171.500000
-1196.500000
-1205.000000
-1210.000000
-1213.000000
-1224.000000
-1202.000000
-1222.000000
-1218.000000
-1216.000000
-1225.000000
-1218.500000
-1223.500000
