0.999904
0.886294
0.792580
0.727701
0.668205
0.627067
0.588428
0.565840
0.546713
0.530469
0.533833
0.531430
0.524894
0.517686
0.512495
0.510669
0.498654
0.502115
0.499904
0.509516
0.502403
0.502980
0.498558
0.490581
0.496924
0.497597
0.494233
0.491734
0.487505
0.482603
0.487120
0.497405
0.498078
0.502307
0.506632
0.504517
0.502884
0.492887
0.497982
0.510285
0.499135
0.504998
0.515186
0.515090
0.512303
0.497885
0.507401
0.508458
0.514321
0.507689
0.517782
0.506440
0.508747
0.503556
0.500096
0.506344
0.502307
0.497982
0.504614
0.510092
0.507209
0.500192
0.482987
0.478181
0.472318
0.490100
0.482795
0.486159
0.488178
0.488370
0.499616
0.501826
0.494617
0.512591
0.505671
0.511342
0.515379
0.522684
0.517589
0.509035
0.510861
0.502595
0.512495
0.502211
0.485967
0.495675
0.483756
0.475106
0.482699
0.490581
0.508939
0.513360
0.516532
0.519608
0.527297
0.519512
0.513552
0.507497
0.500000
0.502403
0.500288
