41608.000000
33222.000000
27550.000000
24004.000000
20898.000000
18846.000000
17056.000000
16094.000000
15218.000000
14538.000000
14772.000000
14618.000000
14308.000000
14080.000000
13918.000000
13730.000000
13212.000000
13336.000000
13380.000000
13788.000000
13456.000000
13560.000000
13360.000000
12836.000000
13262.000000
13192.000000
13270.000000
13060.000000
12708.000000
12502.000000
12710.000000
13162.000000
13122.000000
13358.000000
13478.000000
13686.000000
13400.000000
12948.000000
13150.000000
13520.000000
13224.000000
13530.000000
13960.000000
13880.000000
13752.000000
13134.000000
13578.000000
13648.000000
13914.000000
13670.000000
14036.000000
13612.000000
13630.000000
13626.000000
13326.000000
13626.000000
13430.000000
13294.000000
13542.000000
13872.000000
13730.000000
13282.000000
12542.000000
12320.000000
12030.000000
12814.000000
12560.000000
12576.000000
12850.000000
12760.000000
13224.000000
13322.000000
12982.000000
13912.000000
13582.000000
13804.000000
13846.000000
14234.000000
13970.000000
13650.000000
13728.000000
13586.000000
13744.000000
13294.000000
12718.000000
13190.000000
12586.000000
12220.000000
12564.000000
13022.000000
13878.000000
14056.000000
14052.000000
14290.000000
14420.000000
14172.000000
13828.000000
13666.000000
13166.000000
13360.000000
13212.000000
